老師在「類神經網路」課程請我們寫作業，不過指示不清楚，導致無法理解這次作業要做什麼，依以下已知的作業資訊，幫我想一下該需要做的作業題目？
已知資訊：
到pip網站，利用dp套件，neural和neural_network
做出iris data
這裏有四種7*9的pixel來源，前兩個是完整的顯示「E」，後面兩個由包含雜訊：
（[1,1,1,1,1,1,1,0,1,0,0,0,0,1,0,1,0,0,0,0,0,0,1,0,1,0,0,0,0,1,1,1,0,0,0,0,1,0,1,0,0,0,0,1,0,0,0,0,0,0,1,0,0,0,0,1,1,1,1,1,1,1,1], [1,1,1,1,1,1,1,1,0,0,0,0,0,0,1,0,0,0,0,0,0,1,0,0,0,0,0,0,1,1,1,1,1,0,0,1,0,0,0,0,0,0,1,0,0,0,0,0,0,1,0,0,0,0,0,0,1,1,1,1,1,1,1],
[1,1,1,1,1,1,1,0,1,0,0,0,0,1,0,1,0,0,0,0,0,0,1,0,1,0,0,0,0,1,1,1,1,0,0,0,1,0,1,0,0,0,0,1,0,0,0,0,0,0,1,0,0,0,0,1,1,1,1,1,1,1,1],
[1,1,1,1,1,1,1,1,0,0,0,0,0,0,1,0,0,0,0,0,0,1,0,0,0,0,0,0,1,1,1,1,1,0,0,1,0,0,0,0,0,0,1,0,1,0,0,0,0,1,0,1,0,0,0,0,1,1,1,1,1,1,1]
需要做編碼

題目1：使用 dp、neural、neural_network 套件建立一個神經網路，訓練並測試 iris 資料集的分類模型，輸出模型的訓練正確率、測試正確率與混淆矩陣。
題目2：針對四種提供的 7x9 像素圖案（前兩張為純粹的「E」，後兩張為含有雜訊的「E」），使用同套件建立一個簡單的神經網路，嘗試將其分為「清晰E」和「雜訊E」兩類（或「E」 vs 「非E」），並輸出訓練過程與預測結果。